WEEKS,FAULT,FAULT-CUMU,P(FAULT),P(FAULT-CUMU),UNCORRECTABLE,UNCORRECTABLE-CUMU,P(UNCORRECTABLE),P(UNCORRECTABLE-CUMU),UNDETERCTABLE,UNDETECTABLE-CUMU,P(UNDETECTABLE),P(UNDETECTABLE-CUMU)
0,200000,200000,2.000000,2.000000,200000,200000,2.000000,2.000000,200000,200000,2.000000,2.000000
1,0,200000,0.000000,2.000000,0,200000,0.000000,2.000000,0,200000,0.000000,2.000000
2,0,200000,0.000000,2.000000,0,200000,0.000000,2.000000,0,200000,0.000000,2.000000
3,0,200000,0.000000,2.000000,0,200000,0.000000,2.000000,0,200000,0.000000,2.000000
4,0,200000,0.000000,2.000000,0,200000,0.000000,2.000000,0,200000,0.000000,2.000000
5,0,200000,0.000000,2.000000,0,200000,0.000000,2.000000,0,200000,0.000000,2.000000
6,0,200000,0.000000,2.000000,0,200000,0.000000,2.000000,0,200000,0.000000,2.000000
7,0,200000,0.000000,2.000000,0,200000,0.000000,2.000000,0,200000,0.000000,2.000000
8,0,200000,0.000000,2.000000,0,200000,0.000000,2.000000,0,200000,0.000000,2.000000
9,0,200000,0.000000,2.000000,0,200000,0.000000,2.000000,0,200000,0.000000,2.000000
10,0,200000,0.000000,2.000000,0,200000,0.000000,2.000000,0,200000,0.000000,2.000000
11,0,200000,0.000000,2.000000,0,200000,0.000000,2.000000,0,200000,0.000000,2.000000
12,0,200000,0.000000,2.000000,0,200000,0.000000,2.000000,0,200000,0.000000,2.000000
13,0,200000,0.000000,2.000000,0,200000,0.000000,2.000000,0,200000,0.000000,2.000000
14,0,200000,0.000000,2.000000,0,200000,0.000000,2.000000,0,200000,0.000000,2.000000
15,0,200000,0.000000,2.000000,0,200000,0.000000,2.000000,0,200000,0.000000,2.000000
16,0,200000,0.000000,2.000000,0,200000,0.000000,2.000000,0,200000,0.000000,2.000000
17,0,200000,0.000000,2.000000,0,200000,0.000000,2.000000,0,200000,0.000000,2.000000
18,0,200000,0.000000,2.000000,0,200000,0.000000,2.000000,0,200000,0.000000,2.000000
19,0,200000,0.000000,2.000000,0,200000,0.000000,2.000000,0,200000,0.000000,2.000000
20,0,200000,0.000000,2.000000,0,200000,0.000000,2.000000,0,200000,0.000000,2.000000
21,0,200000,0.000000,2.000000,0,200000,0.000000,2.000000,0,200000,0.000000,2.000000
22,0,200000,0.000000,2.000000,0,200000,0.000000,2.000000,0,200000,0.000000,2.000000
23,0,200000,0.000000,2.000000,0,200000,0.000000,2.000000,0,200000,0.000000,2.000000
24,0,200000,0.000000,2.000000,0,200000,0.000000,2.000000,0,200000,0.000000,2.000000
25,0,200000,0.000000,2.000000,0,200000,0.000000,2.000000,0,200000,0.000000,2.000000
26,0,200000,0.000000,2.000000,0,200000,0.000000,2.000000,0,200000,0.000000,2.000000
27,0,200000,0.000000,2.000000,0,200000,0.000000,2.000000,0,200000,0.000000,2.000000
28,0,200000,0.000000,2.000000,0,200000,0.000000,2.000000,0,200000,0.000000,2.000000
29,0,200000,0.000000,2.000000,0,200000,0.000000,2.000000,0,200000,0.000000,2.000000
30,0,200000,0.000000,2.000000,0,200000,0.000000,2.000000,0,200000,0.000000,2.000000
31,0,200000,0.000000,2.000000,0,200000,0.000000,2.000000,0,200000,0.000000,2.000000
32,0,200000,0.000000,2.000000,0,200000,0.000000,2.000000,0,200000,0.000000,2.000000
33,0,200000,0.000000,2.000000,0,200000,0.000000,2.000000,0,200000,0.000000,2.000000
34,0,200000,0.000000,2.000000,0,200000,0.000000,2.000000,0,200000,0.000000,2.000000
35,0,200000,0.000000,2.000000,0,200000,0.000000,2.000000,0,200000,0.000000,2.000000
36,0,200000,0.000000,2.000000,0,200000,0.000000,2.000000,0,200000,0.000000,2.000000
37,0,200000,0.000000,2.000000,0,200000,0.000000,2.000000,0,200000,0.000000,2.000000
38,0,200000,0.000000,2.000000,0,200000,0.000000,2.000000,0,200000,0.000000,2.000000
39,0,200000,0.000000,2.000000,0,200000,0.000000,2.000000,0,200000,0.000000,2.000000
40,0,200000,0.000000,2.000000,0,200000,0.000000,2.000000,0,200000,0.000000,2.000000
41,0,200000,0.000000,2.000000,0,200000,0.000000,2.000000,0,200000,0.000000,2.000000
42,0,200000,0.000000,2.000000,0,200000,0.000000,2.000000,0,200000,0.000000,2.000000
43,0,200000,0.000000,2.000000,0,200000,0.000000,2.000000,0,200000,0.000000,2.000000
44,0,200000,0.000000,2.000000,0,200000,0.000000,2.000000,0,200000,0.000000,2.000000
45,0,200000,0.000000,2.000000,0,200000,0.000000,2.000000,0,200000,0.000000,2.000000
46,0,200000,0.000000,2.000000,0,200000,0.000000,2.000000,0,200000,0.000000,2.000000
47,0,200000,0.000000,2.000000,0,200000,0.000000,2.000000,0,200000,0.000000,2.000000
48,0,200000,0.000000,2.000000,0,200000,0.000000,2.000000,0,200000,0.000000,2.000000
49,0,200000,0.000000,2.000000,0,200000,0.000000,2.000000,0,200000,0.000000,2.000000
50,0,200000,0.000000,2.000000,0,200000,0.000000,2.000000,0,200000,0.000000,2.000000
51,0,200000,0.000000,2.000000,0,200000,0.000000,2.000000,0,200000,0.000000,2.000000
52,0,200000,0.000000,2.000000,0,200000,0.000000,2.000000,0,200000,0.000000,2.000000
53,0,200000,0.000000,2.000000,0,200000,0.000000,2.000000,0,200000,0.000000,2.000000
54,0,200000,0.000000,2.000000,0,200000,0.000000,2.000000,0,200000,0.000000,2.000000
55,0,200000,0.000000,2.000000,0,200000,0.000000,2.000000,0,200000,0.000000,2.000000
56,0,200000,0.000000,2.000000,0,200000,0.000000,2.000000,0,200000,0.000000,2.000000
57,0,200000,0.000000,2.000000,0,200000,0.000000,2.000000,0,200000,0.000000,2.000000
58,0,200000,0.000000,2.000000,0,200000,0.000000,2.000000,0,200000,0.000000,2.000000
59,0,200000,0.000000,2.000000,0,200000,0.000000,2.000000,0,200000,0.000000,2.000000
60,0,200000,0.000000,2.000000,0,200000,0.000000,2.000000,0,200000,0.000000,2.000000
61,0,200000,0.000000,2.000000,0,200000,0.000000,2.000000,0,200000,0.000000,2.000000
62,0,200000,0.000000,2.000000,0,200000,0.000000,2.000000,0,200000,0.000000,2.000000
63,0,200000,0.000000,2.000000,0,200000,0.000000,2.000000,0,200000,0.000000,2.000000
64,0,200000,0.000000,2.000000,0,200000,0.000000,2.000000,0,200000,0.000000,2.000000
65,0,200000,0.000000,2.000000,0,200000,0.000000,2.000000,0,200000,0.000000,2.000000
66,0,200000,0.000000,2.000000,0,200000,0.000000,2.000000,0,200000,0.000000,2.000000
67,0,200000,0.000000,2.000000,0,200000,0.000000,2.000000,0,200000,0.000000,2.000000
68,0,200000,0.000000,2.000000,0,200000,0.000000,2.000000,0,200000,0.000000,2.000000
69,0,200000,0.000000,2.000000,0,200000,0.000000,2.000000,0,200000,0.000000,2.000000
70,0,200000,0.000000,2.000000,0,200000,0.000000,2.000000,0,200000,0.000000,2.000000
71,0,200000,0.000000,2.000000,0,200000,0.000000,2.000000,0,200000,0.000000,2.000000
72,0,200000,0.000000,2.000000,0,200000,0.000000,2.000000,0,200000,0.000000,2.000000
73,0,200000,0.000000,2.000000,0,200000,0.000000,2.000000,0,200000,0.000000,2.000000
74,0,200000,0.000000,2.000000,0,200000,0.000000,2.000000,0,200000,0.000000,2.000000
75,0,200000,0.000000,2.000000,0,200000,0.000000,2.000000,0,200000,0.000000,2.000000
76,0,200000,0.000000,2.000000,0,200000,0.000000,2.000000,0,200000,0.000000,2.000000
77,0,200000,0.000000,2.000000,0,200000,0.000000,2.000000,0,200000,0.000000,2.000000
78,0,200000,0.000000,2.000000,0,200000,0.000000,2.000000,0,200000,0.000000,2.000000
79,0,200000,0.000000,2.000000,0,200000,0.000000,2.000000,0,200000,0.000000,2.000000
80,0,200000,0.000000,2.000000,0,200000,0.000000,2.000000,0,200000,0.000000,2.000000
81,0,200000,0.000000,2.000000,0,200000,0.000000,2.000000,0,200000,0.000000,2.000000
82,0,200000,0.000000,2.000000,0,200000,0.000000,2.000000,0,200000,0.000000,2.000000
83,0,200000,0.000000,2.000000,0,200000,0.000000,2.000000,0,200000,0.000000,2.000000
84,0,200000,0.000000,2.000000,0,200000,0.000000,2.000000,0,200000,0.000000,2.000000
85,0,200000,0.000000,2.000000,0,200000,0.000000,2.000000,0,200000,0.000000,2.000000
86,0,200000,0.000000,2.000000,0,200000,0.000000,2.000000,0,200000,0.000000,2.000000
87,0,200000,0.000000,2.000000,0,200000,0.000000,2.000000,0,200000,0.000000,2.000000
88,0,200000,0.000000,2.000000,0,200000,0.000000,2.000000,0,200000,0.000000,2.000000
89,0,200000,0.000000,2.000000,0,200000,0.000000,2.000000,0,200000,0.000000,2.000000
90,0,200000,0.000000,2.000000,0,200000,0.000000,2.000000,0,200000,0.000000,2.000000
91,0,200000,0.000000,2.000000,0,200000,0.000000,2.000000,0,200000,0.000000,2.000000
92,0,200000,0.000000,2.000000,0,200000,0.000000,2.000000,0,200000,0.000000,2.000000
93,0,200000,0.000000,2.000000,0,200000,0.000000,2.000000,0,200000,0.000000,2.000000
94,0,200000,0.000000,2.000000,0,200000,0.000000,2.000000,0,200000,0.000000,2.000000
95,0,200000,0.000000,2.000000,0,200000,0.000000,2.000000,0,200000,0.000000,2.000000
96,0,200000,0.000000,2.000000,0,200000,0.000000,2.000000,0,200000,0.000000,2.000000
97,0,200000,0.000000,2.000000,0,200000,0.000000,2.000000,0,200000,0.000000,2.000000
98,0,200000,0.000000,2.000000,0,200000,0.000000,2.000000,0,200000,0.000000,2.000000
99,0,200000,0.000000,2.000000,0,200000,0.000000,2.000000,0,200000,0.000000,2.000000
100,0,200000,0.000000,2.000000,0,200000,0.000000,2.000000,0,200000,0.000000,2.000000
101,0,200000,0.000000,2.000000,0,200000,0.000000,2.000000,0,200000,0.000000,2.000000
102,0,200000,0.000000,2.000000,0,200000,0.000000,2.000000,0,200000,0.000000,2.000000
103,0,200000,0.000000,2.000000,0,200000,0.000000,2.000000,0,200000,0.000000,2.000000
104,0,200000,0.000000,2.000000,0,200000,0.000000,2.000000,0,200000,0.000000,2.000000
105,0,200000,0.000000,2.000000,0,200000,0.000000,2.000000,0,200000,0.000000,2.000000
106,0,200000,0.000000,2.000000,0,200000,0.000000,2.000000,0,200000,0.000000,2.000000
107,0,200000,0.000000,2.000000,0,200000,0.000000,2.000000,0,200000,0.000000,2.000000
108,0,200000,0.000000,2.000000,0,200000,0.000000,2.000000,0,200000,0.000000,2.000000
109,0,200000,0.000000,2.000000,0,200000,0.000000,2.000000,0,200000,0.000000,2.000000
110,0,200000,0.000000,2.000000,0,200000,0.000000,2.000000,0,200000,0.000000,2.000000
111,0,200000,0.000000,2.000000,0,200000,0.000000,2.000000,0,200000,0.000000,2.000000
112,0,200000,0.000000,2.000000,0,200000,0.000000,2.000000,0,200000,0.000000,2.000000
113,0,200000,0.000000,2.000000,0,200000,0.000000,2.000000,0,200000,0.000000,2.000000
114,0,200000,0.000000,2.000000,0,200000,0.000000,2.000000,0,200000,0.000000,2.000000
115,0,200000,0.000000,2.000000,0,200000,0.000000,2.000000,0,200000,0.000000,2.000000
116,0,200000,0.000000,2.000000,0,200000,0.000000,2.000000,0,200000,0.000000,2.000000
117,0,200000,0.000000,2.000000,0,200000,0.000000,2.000000,0,200000,0.000000,2.000000
118,0,200000,0.000000,2.000000,0,200000,0.000000,2.000000,0,200000,0.000000,2.000000
119,0,200000,0.000000,2.000000,0,200000,0.000000,2.000000,0,200000,0.000000,2.000000
120,0,200000,0.000000,2.000000,0,200000,0.000000,2.000000,0,200000,0.000000,2.000000
121,0,200000,0.000000,2.000000,0,200000,0.000000,2.000000,0,200000,0.000000,2.000000
122,0,200000,0.000000,2.000000,0,200000,0.000000,2.000000,0,200000,0.000000,2.000000
123,0,200000,0.000000,2.000000,0,200000,0.000000,2.000000,0,200000,0.000000,2.000000
124,0,200000,0.000000,2.000000,0,200000,0.000000,2.000000,0,200000,0.000000,2.000000
125,0,200000,0.000000,2.000000,0,200000,0.000000,2.000000,0,200000,0.000000,2.000000
126,0,200000,0.000000,2.000000,0,200000,0.000000,2.000000,0,200000,0.000000,2.000000
127,0,200000,0.000000,2.000000,0,200000,0.000000,2.000000,0,200000,0.000000,2.000000
128,0,200000,0.000000,2.000000,0,200000,0.000000,2.000000,0,200000,0.000000,2.000000
129,0,200000,0.000000,2.000000,0,200000,0.000000,2.000000,0,200000,0.000000,2.000000
130,0,200000,0.000000,2.000000,0,200000,0.000000,2.000000,0,200000,0.000000,2.000000
131,0,200000,0.000000,2.000000,0,200000,0.000000,2.000000,0,200000,0.000000,2.000000
132,0,200000,0.000000,2.000000,0,200000,0.000000,2.000000,0,200000,0.000000,2.000000
133,0,200000,0.000000,2.000000,0,200000,0.000000,2.000000,0,200000,0.000000,2.000000
134,0,200000,0.000000,2.000000,0,200000,0.000000,2.000000,0,200000,0.000000,2.000000
135,0,200000,0.000000,2.000000,0,200000,0.000000,2.000000,0,200000,0.000000,2.000000
136,0,200000,0.000000,2.000000,0,200000,0.000000,2.000000,0,200000,0.000000,2.000000
137,0,200000,0.000000,2.000000,0,200000,0.000000,2.000000,0,200000,0.000000,2.000000
138,0,200000,0.000000,2.000000,0,200000,0.000000,2.000000,0,200000,0.000000,2.000000
139,0,200000,0.000000,2.000000,0,200000,0.000000,2.000000,0,200000,0.000000,2.000000
140,0,200000,0.000000,2.000000,0,200000,0.000000,2.000000,0,200000,0.000000,2.000000
141,0,200000,0.000000,2.000000,0,200000,0.000000,2.000000,0,200000,0.000000,2.000000
142,0,200000,0.000000,2.000000,0,200000,0.000000,2.000000,0,200000,0.000000,2.000000
143,0,200000,0.000000,2.000000,0,200000,0.000000,2.000000,0,200000,0.000000,2.000000
144,0,200000,0.000000,2.000000,0,200000,0.000000,2.000000,0,200000,0.000000,2.000000
145,0,200000,0.000000,2.000000,0,200000,0.000000,2.000000,0,200000,0.000000,2.000000
146,0,200000,0.000000,2.000000,0,200000,0.000000,2.000000,0,200000,0.000000,2.000000
147,0,200000,0.000000,2.000000,0,200000,0.000000,2.000000,0,200000,0.000000,2.000000
148,0,200000,0.000000,2.000000,0,200000,0.000000,2.000000,0,200000,0.000000,2.000000
149,0,200000,0.000000,2.000000,0,200000,0.000000,2.000000,0,200000,0.000000,2.000000
150,0,200000,0.000000,2.000000,0,200000,0.000000,2.000000,0,200000,0.000000,2.000000
151,0,200000,0.000000,2.000000,0,200000,0.000000,2.000000,0,200000,0.000000,2.000000
152,0,200000,0.000000,2.000000,0,200000,0.000000,2.000000,0,200000,0.000000,2.000000
153,0,200000,0.000000,2.000000,0,200000,0.000000,2.000000,0,200000,0.000000,2.000000
154,0,200000,0.000000,2.000000,0,200000,0.000000,2.000000,0,200000,0.000000,2.000000
155,0,200000,0.000000,2.000000,0,200000,0.000000,2.000000,0,200000,0.000000,2.000000
156,0,200000,0.000000,2.000000,0,200000,0.000000,2.000000,0,200000,0.000000,2.000000
157,0,200000,0.000000,2.000000,0,200000,0.000000,2.000000,0,200000,0.000000,2.000000
158,0,200000,0.000000,2.000000,0,200000,0.000000,2.000000,0,200000,0.000000,2.000000
159,0,200000,0.000000,2.000000,0,200000,0.000000,2.000000,0,200000,0.000000,2.000000
160,0,200000,0.000000,2.000000,0,200000,0.000000,2.000000,0,200000,0.000000,2.000000
161,0,200000,0.000000,2.000000,0,200000,0.000000,2.000000,0,200000,0.000000,2.000000
162,0,200000,0.000000,2.000000,0,200000,0.000000,2.000000,0,200000,0.000000,2.000000
163,0,200000,0.000000,2.000000,0,200000,0.000000,2.000000,0,200000,0.000000,2.000000
164,0,200000,0.000000,2.000000,0,200000,0.000000,2.000000,0,200000,0.000000,2.000000
165,0,200000,0.000000,2.000000,0,200000,0.000000,2.000000,0,200000,0.000000,2.000000
166,0,200000,0.000000,2.000000,0,200000,0.000000,2.000000,0,200000,0.000000,2.000000
167,0,200000,0.000000,2.000000,0,200000,0.000000,2.000000,0,200000,0.000000,2.000000
168,0,200000,0.000000,2.000000,0,200000,0.000000,2.000000,0,200000,0.000000,2.000000
169,0,200000,0.000000,2.000000,0,200000,0.000000,2.000000,0,200000,0.000000,2.000000
170,0,200000,0.000000,2.000000,0,200000,0.000000,2.000000,0,200000,0.000000,2.000000
171,0,200000,0.000000,2.000000,0,200000,0.000000,2.000000,0,200000,0.000000,2.000000
172,0,200000,0.000000,2.000000,0,200000,0.000000,2.000000,0,200000,0.000000,2.000000
173,0,200000,0.000000,2.000000,0,200000,0.000000,2.000000,0,200000,0.000000,2.000000
174,0,200000,0.000000,2.000000,0,200000,0.000000,2.000000,0,200000,0.000000,2.000000
175,0,200000,0.000000,2.000000,0,200000,0.000000,2.000000,0,200000,0.000000,2.000000
176,0,200000,0.000000,2.000000,0,200000,0.000000,2.000000,0,200000,0.000000,2.000000
177,0,200000,0.000000,2.000000,0,200000,0.000000,2.000000,0,200000,0.000000,2.000000
178,0,200000,0.000000,2.000000,0,200000,0.000000,2.000000,0,200000,0.000000,2.000000
179,0,200000,0.000000,2.000000,0,200000,0.000000,2.000000,0,200000,0.000000,2.000000
180,0,200000,0.000000,2.000000,0,200000,0.000000,2.000000,0,200000,0.000000,2.000000
181,0,200000,0.000000,2.000000,0,200000,0.000000,2.000000,0,200000,0.000000,2.000000
182,0,200000,0.000000,2.000000,0,200000,0.000000,2.000000,0,200000,0.000000,2.000000
183,0,200000,0.000000,2.000000,0,200000,0.000000,2.000000,0,200000,0.000000,2.000000
184,0,200000,0.000000,2.000000,0,200000,0.000000,2.000000,0,200000,0.000000,2.000000
185,0,200000,0.000000,2.000000,0,200000,0.000000,2.000000,0,200000,0.000000,2.000000
186,0,200000,0.000000,2.000000,0,200000,0.000000,2.000000,0,200000,0.000000,2.000000
187,0,200000,0.000000,2.000000,0,200000,0.000000,2.000000,0,200000,0.000000,2.000000
188,0,200000,0.000000,2.000000,0,200000,0.000000,2.000000,0,200000,0.000000,2.000000
189,0,200000,0.000000,2.000000,0,200000,0.000000,2.000000,0,200000,0.000000,2.000000
190,0,200000,0.000000,2.000000,0,200000,0.000000,2.000000,0,200000,0.000000,2.000000
191,0,200000,0.000000,2.000000,0,200000,0.000000,2.000000,0,200000,0.000000,2.000000
192,0,200000,0.000000,2.000000,0,200000,0.000000,2.000000,0,200000,0.000000,2.000000
193,0,200000,0.000000,2.000000,0,200000,0.000000,2.000000,0,200000,0.000000,2.000000
194,0,200000,0.000000,2.000000,0,200000,0.000000,2.000000,0,200000,0.000000,2.000000
195,0,200000,0.000000,2.000000,0,200000,0.000000,2.000000,0,200000,0.000000,2.000000
196,0,200000,0.000000,2.000000,0,200000,0.000000,2.000000,0,200000,0.000000,2.000000
197,0,200000,0.000000,2.000000,0,200000,0.000000,2.000000,0,200000,0.000000,2.000000
198,0,200000,0.000000,2.000000,0,200000,0.000000,2.000000,0,200000,0.000000,2.000000
199,0,200000,0.000000,2.000000,0,200000,0.000000,2.000000,0,200000,0.000000,2.000000
200,0,200000,0.000000,2.000000,0,200000,0.000000,2.000000,0,200000,0.000000,2.000000
201,0,200000,0.000000,2.000000,0,200000,0.000000,2.000000,0,200000,0.000000,2.000000
202,0,200000,0.000000,2.000000,0,200000,0.000000,2.000000,0,200000,0.000000,2.000000
203,0,200000,0.000000,2.000000,0,200000,0.000000,2.000000,0,200000,0.000000,2.000000
204,0,200000,0.000000,2.000000,0,200000,0.000000,2.000000,0,200000,0.000000,2.000000
205,0,200000,0.000000,2.000000,0,200000,0.000000,2.000000,0,200000,0.000000,2.000000
206,0,200000,0.000000,2.000000,0,200000,0.000000,2.000000,0,200000,0.000000,2.000000
207,0,200000,0.000000,2.000000,0,200000,0.000000,2.000000,0,200000,0.000000,2.000000
208,0,200000,0.000000,2.000000,0,200000,0.000000,2.000000,0,200000,0.000000,2.000000
209,0,200000,0.000000,2.000000,0,200000,0.000000,2.000000,0,200000,0.000000,2.000000
210,0,200000,0.000000,2.000000,0,200000,0.000000,2.000000,0,200000,0.000000,2.000000
211,0,200000,0.000000,2.000000,0,200000,0.000000,2.000000,0,200000,0.000000,2.000000
212,0,200000,0.000000,2.000000,0,200000,0.000000,2.000000,0,200000,0.000000,2.000000
213,0,200000,0.000000,2.000000,0,200000,0.000000,2.000000,0,200000,0.000000,2.000000
214,0,200000,0.000000,2.000000,0,200000,0.000000,2.000000,0,200000,0.000000,2.000000
215,0,200000,0.000000,2.000000,0,200000,0.000000,2.000000,0,200000,0.000000,2.000000
216,0,200000,0.000000,2.000000,0,200000,0.000000,2.000000,0,200000,0.000000,2.000000
217,0,200000,0.000000,2.000000,0,200000,0.000000,2.000000,0,200000,0.000000,2.000000
218,0,200000,0.000000,2.000000,0,200000,0.000000,2.000000,0,200000,0.000000,2.000000
219,0,200000,0.000000,2.000000,0,200000,0.000000,2.000000,0,200000,0.000000,2.000000
220,0,200000,0.000000,2.000000,0,200000,0.000000,2.000000,0,200000,0.000000,2.000000
221,0,200000,0.000000,2.000000,0,200000,0.000000,2.000000,0,200000,0.000000,2.000000
222,0,200000,0.000000,2.000000,0,200000,0.000000,2.000000,0,200000,0.000000,2.000000
223,0,200000,0.000000,2.000000,0,200000,0.000000,2.000000,0,200000,0.000000,2.000000
224,0,200000,0.000000,2.000000,0,200000,0.000000,2.000000,0,200000,0.000000,2.000000
225,0,200000,0.000000,2.000000,0,200000,0.000000,2.000000,0,200000,0.000000,2.000000
226,0,200000,0.000000,2.000000,0,200000,0.000000,2.000000,0,200000,0.000000,2.000000
227,0,200000,0.000000,2.000000,0,200000,0.000000,2.000000,0,200000,0.000000,2.000000
228,0,200000,0.000000,2.000000,0,200000,0.000000,2.000000,0,200000,0.000000,2.000000
229,0,200000,0.000000,2.000000,0,200000,0.000000,2.000000,0,200000,0.000000,2.000000
230,0,200000,0.000000,2.000000,0,200000,0.000000,2.000000,0,200000,0.000000,2.000000
231,0,200000,0.000000,2.000000,0,200000,0.000000,2.000000,0,200000,0.000000,2.000000
232,0,200000,0.000000,2.000000,0,200000,0.000000,2.000000,0,200000,0.000000,2.000000
233,0,200000,0.000000,2.000000,0,200000,0.000000,2.000000,0,200000,0.000000,2.000000
234,0,200000,0.000000,2.000000,0,200000,0.000000,2.000000,0,200000,0.000000,2.000000
235,0,200000,0.000000,2.000000,0,200000,0.000000,2.000000,0,200000,0.000000,2.000000
236,0,200000,0.000000,2.000000,0,200000,0.000000,2.000000,0,200000,0.000000,2.000000
237,0,200000,0.000000,2.000000,0,200000,0.000000,2.000000,0,200000,0.000000,2.000000
238,0,200000,0.000000,2.000000,0,200000,0.000000,2.000000,0,200000,0.000000,2.000000
239,0,200000,0.000000,2.000000,0,200000,0.000000,2.000000,0,200000,0.000000,2.000000
240,0,200000,0.000000,2.000000,0,200000,0.000000,2.000000,0,200000,0.000000,2.000000
241,0,200000,0.000000,2.000000,0,200000,0.000000,2.000000,0,200000,0.000000,2.000000
242,0,200000,0.000000,2.000000,0,200000,0.000000,2.000000,0,200000,0.000000,2.000000
243,0,200000,0.000000,2.000000,0,200000,0.000000,2.000000,0,200000,0.000000,2.000000
244,0,200000,0.000000,2.000000,0,200000,0.000000,2.000000,0,200000,0.000000,2.000000
245,0,200000,0.000000,2.000000,0,200000,0.000000,2.000000,0,200000,0.000000,2.000000
246,0,200000,0.000000,2.000000,0,200000,0.000000,2.000000,0,200000,0.000000,2.000000
247,0,200000,0.000000,2.000000,0,200000,0.000000,2.000000,0,200000,0.000000,2.000000
248,0,200000,0.000000,2.000000,0,200000,0.000000,2.000000,0,200000,0.000000,2.000000
249,0,200000,0.000000,2.000000,0,200000,0.000000,2.000000,0,200000,0.000000,2.000000
250,0,200000,0.000000,2.000000,0,200000,0.000000,2.000000,0,200000,0.000000,2.000000
251,0,200000,0.000000,2.000000,0,200000,0.000000,2.000000,0,200000,0.000000,2.000000
252,0,200000,0.000000,2.000000,0,200000,0.000000,2.000000,0,200000,0.000000,2.000000
253,0,200000,0.000000,2.000000,0,200000,0.000000,2.000000,0,200000,0.000000,2.000000
254,0,200000,0.000000,2.000000,0,200000,0.000000,2.000000,0,200000,0.000000,2.000000
255,0,200000,0.000000,2.000000,0,200000,0.000000,2.000000,0,200000,0.000000,2.000000
256,0,200000,0.000000,2.000000,0,200000,0.000000,2.000000,0,200000,0.000000,2.000000
257,0,200000,0.000000,2.000000,0,200000,0.000000,2.000000,0,200000,0.000000,2.000000
258,0,200000,0.000000,2.000000,0,200000,0.000000,2.000000,0,200000,0.000000,2.000000
259,0,200000,0.000000,2.000000,0,200000,0.000000,2.000000,0,200000,0.000000,2.000000
260,0,200000,0.000000,2.000000,0,200000,0.000000,2.000000,0,200000,0.000000,2.000000
261,0,200000,0.000000,2.000000,0,200000,0.000000,2.000000,0,200000,0.000000,2.000000
262,0,200000,0.000000,2.000000,0,200000,0.000000,2.000000,0,200000,0.000000,2.000000
263,0,200000,0.000000,2.000000,0,200000,0.000000,2.000000,0,200000,0.000000,2.000000
264,0,200000,0.000000,2.000000,0,200000,0.000000,2.000000,0,200000,0.000000,2.000000
265,0,200000,0.000000,2.000000,0,200000,0.000000,2.000000,0,200000,0.000000,2.000000
266,0,200000,0.000000,2.000000,0,200000,0.000000,2.000000,0,200000,0.000000,2.000000
267,0,200000,0.000000,2.000000,0,200000,0.000000,2.000000,0,200000,0.000000,2.000000
268,0,200000,0.000000,2.000000,0,200000,0.000000,2.000000,0,200000,0.000000,2.000000
269,0,200000,0.000000,2.000000,0,200000,0.000000,2.000000,0,200000,0.000000,2.000000
270,0,200000,0.000000,2.000000,0,200000,0.000000,2.000000,0,200000,0.000000,2.000000
271,0,200000,0.000000,2.000000,0,200000,0.000000,2.000000,0,200000,0.000000,2.000000
272,0,200000,0.000000,2.000000,0,200000,0.000000,2.000000,0,200000,0.000000,2.000000
273,0,200000,0.000000,2.000000,0,200000,0.000000,2.000000,0,200000,0.000000,2.000000
274,0,200000,0.000000,2.000000,0,200000,0.000000,2.000000,0,200000,0.000000,2.000000
275,0,200000,0.000000,2.000000,0,200000,0.000000,2.000000,0,200000,0.000000,2.000000
276,0,200000,0.000000,2.000000,0,200000,0.000000,2.000000,0,200000,0.000000,2.000000
277,0,200000,0.000000,2.000000,0,200000,0.000000,2.000000,0,200000,0.000000,2.000000
278,0,200000,0.000000,2.000000,0,200000,0.000000,2.000000,0,200000,0.000000,2.000000
279,0,200000,0.000000,2.000000,0,200000,0.000000,2.000000,0,200000,0.000000,2.000000
280,0,200000,0.000000,2.000000,0,200000,0.000000,2.000000,0,200000,0.000000,2.000000
281,0,200000,0.000000,2.000000,0,200000,0.000000,2.000000,0,200000,0.000000,2.000000
282,0,200000,0.000000,2.000000,0,200000,0.000000,2.000000,0,200000,0.000000,2.000000
283,0,200000,0.000000,2.000000,0,200000,0.000000,2.000000,0,200000,0.000000,2.000000
284,0,200000,0.000000,2.000000,0,200000,0.000000,2.000000,0,200000,0.000000,2.000000
